1.000000000000000021e-02
6.472499999999999920e-01
1.284499999999999975e+00
1.921750000000000069e+00
2.558999999999999719e+00
3.196249999999999591e+00
3.833499999999999908e+00
4.470749999999999780e+00
5.107999999999999652e+00
5.745249999999999524e+00
6.382499999999999396e+00
7.019749999999999268e+00
7.657000000000000028e+00
8.294249999999999901e+00
8.931499999999999773e+00
9.568749999999999645e+00
1.020599999999999952e+01
1.084324999999999939e+01
1.148049999999999926e+01
1.211774999999999913e+01
1.275499999999999901e+01
1.339224999999999888e+01
1.402949999999999875e+01
1.466674999999999862e+01
1.530400000000000027e+01
1.594125000000000014e+01
1.657850000000000179e+01
1.721574999999999989e+01
1.785300000000000153e+01
1.849024999999999963e+01
1.912750000000000128e+01
1.976474999999999937e+01
2.040200000000000102e+01
2.103925000000000267e+01
2.167650000000000077e+01
2.231375000000000242e+01
2.295100000000000051e+01
2.358825000000000216e+01
2.422550000000000026e+01
2.486275000000000190e+01
2.550000000000000000e+01
