9.985297743479409904e-01
9.865810044606527773e-01
9.741641108194986076e-01
9.601447931925455315e-01
9.464601469039917170e-01
9.338515329360962403e-01
9.205454730987548961e-01
9.049054400126138598e-01
8.892098522186279164e-01
8.723219267527261289e-01
8.549388074874877397e-01
8.382909806569417421e-01
8.230829111735026293e-01
8.001585912704468617e-01
7.848739051818847123e-01
7.626516501108805413e-01
7.355345233281452844e-01
7.129592959086100690e-01
6.771356678009032848e-01
6.474031861623128492e-01
5.932192031542460331e-01
5.471402772267659476e-01
4.673685113588968432e-01
3.597691965103149148e-01
8.481680845220883336e-02
6.979870865742365815e-02
6.727706146736940618e-02
5.068999672929445227e-02
4.676214620471000338e-02
3.995658981303373825e-02
3.804596164574226141e-02
3.488389863322178402e-02
3.125341637680927737e-02
5.455099463462829285e-02
2.666395821919044160e-02
2.589141005029281170e-02
3.545352054138978248e-02
2.117868652567267418e-02
2.047417343904574596e-02
4.334804075459638972e-02
3.272088080644607738e-02
