9.997213983535767623e-01
9.968112071355182957e-01
9.860296885172527004e-01
9.660218191146849875e-01
9.483682902654012592e-01
9.366363588968913412e-01
9.217317152023315474e-01
9.133011356989543250e-01
8.974705203374226947e-01
8.838829390207926240e-01
8.738270250956218232e-01
8.543900553385417318e-01
8.396757809321085952e-01
8.191955153147379987e-01
8.063121700286864924e-01
7.932993268966673783e-01
7.753721936543782611e-01
7.435411341985066480e-01
7.268705701828003241e-01
7.205306180318196141e-01
6.821483548482260018e-01
6.545516681671142978e-01
6.119511516888936908e-01
5.840278395016987867e-01
4.318230319023132480e-01
1.637256747484207298e-01
1.036141526699066034e-01
9.191955226163069093e-02
8.260577869911987781e-02
9.111020326614378828e-02
7.073389296730359099e-02
6.752090603113174161e-02
5.724618852138518843e-02
3.964511373390754156e-02
3.611548130710919707e-02
4.058417305350303650e-02
3.941044059892495621e-02
4.984803155064582852e-02
3.078634150326252025e-02
3.571764208376407984e-02
2.349444643904765109e-02
