9.997557799021402625e-01
9.923908742268879868e-01
9.741936969757080123e-01
9.613050572077432854e-01
9.494544426600137754e-01
9.382542212804159121e-01
9.263373851776123269e-01
9.097474384307862039e-01
8.976352707544962284e-01
8.824793243408203258e-01
8.672233104705809881e-01
8.552465057373046520e-01
8.380613581339518836e-01
8.217822742462157493e-01
8.083380238215128744e-01
7.860220384597779164e-01
7.656048901875814883e-01
7.495913108189901086e-01
7.189444319407144457e-01
6.997905937830607437e-01
6.596624835332235426e-01
6.430401547749836633e-01
6.036263084411620516e-01
5.106730580329895686e-01
4.488982443014781221e-01
1.231761511787772267e-01
1.012831350167592293e-01
1.097009489933649662e-01
5.634656324982643266e-02
5.356626355399687900e-02
5.255814255525668305e-02
3.511229209601879342e-02
4.416231622298558146e-02
4.258116825173299119e-02
2.753610940029223644e-02
3.211314586301644569e-02
3.347190685570240049e-02
3.849680267274379480e-02
3.325879858185847721e-02
2.976986837883789996e-02
4.043935159842173416e-02
