9.997549057006835938e-01
9.852906640370687752e-01
9.709942722320556996e-01
9.551388724644979122e-01
9.415308586756387932e-01
9.264760748545328717e-01
9.080065806706746345e-01
8.907348887125651204e-01
8.743776861826578761e-01
8.521311378479002885e-01
8.359556929270426373e-01
8.123430983225504720e-01
7.884036906560262237e-01
7.664336490631104004e-01
7.335055557886759336e-01
7.124794626235962935e-01
6.716321523984273290e-01
6.077404085795085065e-01
5.692036120096842788e-01
4.618942070007324152e-01
2.659585228562355019e-01
9.394818541904291498e-02
6.556753310064473983e-02
5.368966400623321339e-02
4.438986539840698159e-02
4.224931033949056586e-02
5.522605597972870400e-02
2.799467463046312332e-02
2.682186987251043361e-02
2.776934402684370570e-02
2.933888390660285839e-02
2.665414643784363991e-02
2.043943693550924479e-02
3.005242154002189803e-02
2.978627646962801745e-02
2.545665702472130545e-02
2.240071217219034849e-02
2.047587934881448662e-02
2.868626774599154772e-02
2.167990283419688261e-02
1.738577183336019460e-02
