0.000000000000000000e+00
1.999520532383217142e-01
3.475703287934988617e-01
2.427421048408953952e-01
1.299518666448637727e-01
1.374019697143097352e-01
1.003595113176779102e-01
9.576486106406847942e-02
9.032568296770213112e-02
1.157798696896692320e-01
8.935360709416649561e-02
1.104497689727748921e-01
9.717492050270418180e-02
9.236174987107016732e-02
1.197281439983600704e-01
1.413253080738505196e-01
1.471197006660730222e-01
1.593066677675678833e-01
1.572174684358304264e-01
1.626077969456293792e-01
1.980904204324638040e-01
2.258033197933300706e-01
2.603017063210044113e-01
4.153816549214745524e-01
8.273984054950487277e-01
1.000000000000000000e+00
7.504956311102248812e-01
5.980150198703596542e-01
3.540764502704376593e-01
2.512233441694782243e-01
2.861642220004432802e-01
1.789273730415689712e-01
1.807660417241910566e-01
1.810852754432970557e-01
1.147055382809123308e-01
1.360868566664166779e-01
1.185954291027159907e-01
1.279145237091121046e-01
1.185606136418600742e-01
1.096290359910556400e-01
1.039994814525336125e-01
