0.000000000000000000e+00
1.127030389137587407e-01
5.980636388280206883e-02
7.189257759499423361e-02
7.199575267825092384e-02
6.191400786218535096e-02
8.300078197398298718e-02
7.456231846334535063e-02
6.262421181389507541e-02
8.005963511825953116e-02
7.461465419101849517e-02
7.426682790644725807e-02
8.497100140595181816e-02
7.647185885490918877e-02
8.334025617451241985e-02
8.643697759154887750e-02
1.314023109260779587e-01
1.080333037951500263e-01
2.175724838505753433e-01
4.796882286782582216e-01
1.000000000000000000e+00
5.371289772802514406e-01
3.208627318390787631e-01
1.975932721979827555e-01
1.408737960224742403e-01
1.410883438922862776e-01
1.178210538716566308e-01
9.073904456585636658e-02
9.782381684484904583e-02
7.904753714178065771e-02
9.004213636745554694e-02
5.696114169159555152e-02
5.269891202252731388e-02
7.356957070598178772e-02
5.084340698289398913e-02
5.551413088025108911e-02
4.901926043424090912e-02
4.286120240306014878e-02
5.694823823194459372e-02
3.670995099151602020e-02
3.592070868860340604e-02
