3.805156679939639131e-01
1.448854674905477105e-02
6.645593879051454878e-02
2.042628785515262224e-01
2.751725544753548247e-01
1.620973570571022926e-01
1.449564793928378448e-01
8.010936899982588899e-02
7.754721806000423878e-02
8.489619037684323355e-02
7.218872950081274553e-02
8.141241685085462421e-02
6.591635672456569450e-02
8.391712247627775012e-02
8.226913835634112881e-02
6.592717605608376663e-02
7.697795713186374178e-02
9.219149548554569917e-02
1.045751465271058389e-01
8.183793755773968726e-02
9.504079220756388169e-02
1.226018695242450801e-01
1.213644035812514871e-01
1.345677978211511916e-01
7.062107632048878481e-01
1.000000000000000000e+00
6.192034951470688497e-01
4.606174348144505548e-01
4.114378811310305251e-01
3.076177018589050238e-01
1.577311338439777444e-01
1.363004614913658763e-01
1.190083321428547364e-01
1.101559655539835203e-01
1.114411323111230562e-01
8.119129203563266173e-02
9.327714801780040421e-02
6.604927471730670518e-02
6.773389031052332032e-02
7.055283798152373054e-02
4.799966872305450050e-02
