1.000000000000000000e+00
5.683842559975744307e-03
1.895480311229181918e-03
2.314665701186917161e-03
2.014921924937820158e-03
1.868803651670103124e-03
2.371507217953089733e-03
1.859796938435585899e-03
2.223900963077449829e-03
2.304707028605919306e-03
2.175364856424758311e-03
2.098761552556414021e-03
2.458885680686368445e-03
2.144185613611370323e-03
2.763403889794932393e-03
3.433644586509400527e-03
3.090614787131977861e-03
2.448469000688388141e-03
4.079652860600593844e-03
4.192198845699502026e-03
5.099329452000834866e-03
6.311283108307513129e-03
7.805372632918047490e-03
1.483989143280875327e-02
1.269885625244570118e-02
7.280290832451538283e-03
5.653147676728829951e-03
5.891568742914067743e-03
4.508926702592680122e-03
4.241868707496963993e-03
3.517729882877762906e-03
3.287423850377335210e-03
2.575667985117221538e-03
3.218971887153637603e-03
2.361271111486315695e-03
1.829564267745740613e-03
1.876088899675562712e-03
1.569594809783384339e-03
1.478600495763933431e-03
2.001890615372748511e-03
1.219604041400081280e-03
