9.997555414835611609e-01
9.911637496948242365e-01
9.797319332758585020e-01
9.700959110260010121e-01
9.605789327621460094e-01
9.491926829020181922e-01
9.420375426610311242e-01
9.284927558898926625e-01
9.186385472615560266e-01
9.047446807225544285e-01
8.949015649159749453e-01
8.818278090159098470e-01
8.683073902130127308e-01
8.587188053131104004e-01
8.412379248936970866e-01
8.254762109120686864e-01
8.110069863001504453e-01
7.935213788350422570e-01
7.724936278661092004e-01
7.533412806193032774e-01
7.341898028055826586e-01
7.117096869150797422e-01
6.734930626551309807e-01
6.508189344406127841e-01
6.165677142143249911e-01
5.545728985468546535e-01
4.828928883870442501e-01
3.020577965180079039e-01
1.097749109566211745e-01
7.290765186150868771e-02
5.918314640720685055e-02
4.806069483359654698e-02
5.181910097599029541e-02
3.763425985972086718e-02
4.536484642575184384e-02
3.884963590651750731e-02
4.058849222958087893e-02
3.523564177254835672e-02
3.271587063868840878e-02
2.431537628173828167e-02
4.555134269098441019e-02
