9.997557004292806360e-01
9.955216169357300471e-01
9.790814431508382265e-01
9.675131416320801314e-01
9.562073198954265107e-01
9.460706329345702770e-01
9.357692337036133123e-01
9.229631423950195312e-01
9.117441813151042629e-01
8.964494768778483724e-01
8.880663569768270094e-01
8.753050104777018170e-01
8.612409194310505223e-01
8.503892072041829842e-01
8.267807229359944721e-01
8.188503487904866818e-01
7.965340375900268333e-01
7.832191387812296179e-01
7.535265127817790676e-01
7.377897294362386615e-01
7.125923109054564941e-01
6.866608905792236373e-01
6.567270930608113400e-01
6.075982038180033351e-01
5.585105927785237734e-01
4.503711748123169212e-01
2.980882938702901219e-01
8.974543452262878640e-02
8.308331593871116916e-02
5.852758042514324271e-02
6.568210000793138492e-02
5.243573014934857501e-02
4.452975966036320371e-02
3.279977522790431671e-02
3.506421943505604738e-02
3.006636704007784391e-02
5.002650116880735104e-02
3.240448348224162639e-02
3.025351859629154053e-02
5.792416945099831266e-02
2.597621290634076138e-02
