9.997557004292806360e-01
9.884362983703613992e-01
9.773735253016154756e-01
9.666591644287109153e-01
9.557875951131183934e-01
9.441507244110107777e-01
9.303752263387043975e-01
9.215700705846150420e-01
9.091741291681926240e-01
8.919900004069010180e-01
8.821807305018106726e-01
8.667231686909993016e-01
8.497203509012858369e-01
8.353686078389485070e-01
8.157117970784505401e-01
7.916340001424154726e-01
7.714138857523599180e-01
7.532357374827066687e-01
7.264145580927531265e-01
6.971426773071289773e-01
6.603155883153279948e-01
6.310874708493551255e-01
5.662328799565633508e-01
4.387717847029368179e-01
3.034075685342152995e-01
9.948136446376641684e-02
9.565815636267264999e-02
8.077590902646382409e-02
5.303490964074929898e-02
4.257263638079166607e-02
3.939145809039473756e-02
3.261644403139749709e-02
2.791415831695000238e-02
3.995622209583719192e-02
2.586422551423311553e-02
2.800520211458206246e-02
5.246335794528325658e-02
2.996762850011388743e-02
2.595001800606648243e-02
4.563424636920293542e-02
3.331459583093723115e-02
