9.943663994471232392e-01
9.870598713556925086e-01
9.743916670481364006e-01
9.618211587270101282e-01
9.483368889490763065e-01
9.349231608708699071e-01
9.198260068893432395e-01
9.079770342508951542e-01
8.930835103988647994e-01
8.748075071970622396e-01
8.579261430104573316e-01
8.417453304926554303e-01
8.197330427169799982e-01
7.957647101084391883e-01
7.739089473088581750e-01
7.458538373311359715e-01
7.132964897155762429e-01
6.725408331553140995e-01
6.337590074539184437e-01
5.649323956171671268e-01
4.408695451418558897e-01
2.631320732831954889e-01
1.182657571136951358e-01
6.265368004639944310e-02
5.206650281945864739e-02
4.426081396639347521e-02
4.819054541488488469e-02
4.398308165371418027e-02
3.395632453262805578e-02
4.154826313257217046e-02
2.588633742183446898e-02
3.075742969289422049e-02
2.422545712441205937e-02
2.697377711534500178e-02
2.422397390007972884e-02
2.023426873298982825e-02
1.991985199352105593e-02
2.770855572074651732e-02
2.182276721422871102e-02
1.788949741671482657e-02
2.003710527593890664e-02
