1.000000000000000000e+00
6.112656436150545316e-04
7.794403582957951104e-04
6.302775324657265092e-04
6.976772336899158969e-04
5.484089224372813015e-04
6.817211266279631478e-04
6.261456585762738541e-04
6.460499460845791622e-04
6.747997232859153337e-04
8.316566418982573742e-04
6.151278133295097874e-04
7.544292605423933611e-04
8.516660752647109683e-04
8.973992054331428325e-04
8.495126539195814279e-04
1.014226923727125623e-03
1.044130702920187869e-03
1.383772796541120516e-03
1.953878345914696231e-03
3.676219242060294653e-03
7.710146015792237496e-03
4.848434414170156061e-03
1.927967458711288837e-03
1.940400613672175686e-03
1.556284732976293819e-03
1.031053349049718907e-03
1.182390103309340860e-03
8.718263137563170674e-04
8.675278266645654584e-04
8.000200627323477733e-04
7.244272516180244115e-04
5.961399682502102398e-04
5.782226027563011237e-04
4.247508205284658079e-04
4.766825067432391952e-04
4.362806919967440224e-04
5.434158066699141349e-04
4.345140407772403565e-04
3.290127057558990347e-04
4.124677695687417058e-04
