0.000000000000000000e+00
9.230725515210876087e-02
4.435787960922271678e-01
3.118233579675432354e-01
1.822957862196524503e-01
1.323310168694778743e-01
1.138096429897744455e-01
9.617589968077776275e-02
1.081968797559901413e-01
1.452272900911060483e-01
1.092249790537898890e-01
1.019880339342721376e-01
9.624277735285885482e-02
1.023937754296931901e-01
1.216557738394811461e-01
1.030769447341890604e-01
1.324078403385768876e-01
1.340794818716543324e-01
1.211372044258751668e-01
1.478611570422191657e-01
1.353330400871067540e-01
1.548994861783501986e-01
1.757171247307228457e-01
2.509417785160286130e-01
2.822570097321867588e-01
4.742691567516521545e-01
1.000000000000000000e+00
6.104458555477991766e-01
6.516113032646371206e-01
3.740864783778660718e-01
3.590909791953568742e-01
2.256860355321535228e-01
2.431194891609868292e-01
1.498821806543466639e-01
1.500865136269901312e-01
1.405674918396098705e-01
1.436218750443978842e-01
1.328906007320104499e-01
1.044635657820774388e-01
1.235509485857468892e-01
8.788714888848489504e-02
