0.000000000000000000e+00
4.524316504902050062e-01
1.523937446017753217e-01
9.559153223579323899e-02
9.509240872932785138e-02
8.201273481216803107e-02
8.939777726296722904e-02
7.881854204159545463e-02
1.006874455584677308e-01
1.006444663375201803e-01
8.169513815331436168e-02
9.980101275897951263e-02
1.005963093881179493e-01
8.804821020394980324e-02
9.784352278088805088e-02
1.203465758711157185e-01
1.225843242376239983e-01
1.251589324226080602e-01
1.317054015230696151e-01
1.403002697787953390e-01
1.784109899602712157e-01
1.917069152849976144e-01
3.308641565152674047e-01
9.850150598940879965e-01
1.000000000000000000e+00
5.384293361940097888e-01
4.938532669674700615e-01
3.001955425185621196e-01
2.629005848777961063e-01
1.708548002999857318e-01
1.440820725302496552e-01
1.700525703468275251e-01
9.152035062974636648e-02
1.281350451273648716e-01
9.710424986023800942e-02
9.140127550173485216e-02
1.104591876859003369e-01
9.285477476036203826e-02
7.368591906195841312e-02
8.550022947193239298e-02
8.457463661240108288e-02
