0.000000000000000000e+00
3.262476744641302773e-01
1.770820089741527159e-01
8.641545354062797613e-02
8.147364829482918458e-02
7.734330985312058704e-02
8.475039592775700237e-02
8.931928072586900469e-02
7.880243531519738609e-02
8.593601216503045370e-02
7.633092801650703807e-02
8.820185132807782658e-02
9.024050181065429443e-02
7.768325123477205774e-02
1.073889032667270371e-01
8.772634342012332331e-02
9.249405002576482904e-02
1.036349532584952410e-01
1.093124694698858201e-01
1.419976715607815521e-01
9.870194480913041524e-02
9.612905209727143352e-02
1.398368604334344623e-01
1.869565214971555811e-01
2.049368916054273293e-01
2.229173431242709724e-01
4.389147999208872220e-01
1.000000000000000000e+00
6.302772285595931168e-01
2.930683557810986328e-01
2.616526055566181230e-01
2.256506439895192562e-01
2.175666420704766013e-01
2.032264053268020287e-01
1.278012118103665218e-01
1.214733124377961881e-01
1.197727427613621554e-01
1.215312855339217013e-01
1.044267614793777665e-01
8.132776394698454370e-02
1.018620720305484506e-01
