1.000000000000000021e-02
1.509750000000000147e+00
3.009500000000000064e+00
4.509249999999999758e+00
6.009000000000000341e+00
7.508750000000000924e+00
9.008499999999999730e+00
1.050825000000000031e+01
1.200800000000000090e+01
1.350775000000000148e+01
1.500750000000000206e+01
1.650725000000000264e+01
1.800700000000000145e+01
1.950675000000000381e+01
2.100650000000000261e+01
2.250625000000000497e+01
2.400600000000000378e+01
2.550575000000000259e+01
2.700550000000000495e+01
2.850525000000000375e+01
3.000500000000000611e+01
3.150475000000000492e+01
3.300450000000000017e+01
3.450424999999999898e+01
3.600399999999999778e+01
3.750375000000000369e+01
3.900350000000000250e+01
4.050325000000000131e+01
4.200300000000000011e+01
4.350274999999999892e+01
4.500250000000000483e+01
4.650225000000000364e+01
4.800200000000000244e+01
4.950175000000000125e+01
5.100150000000000006e+01
5.250125000000000597e+01
5.400100000000000477e+01
5.550075000000000358e+01
5.700050000000000239e+01
5.850025000000000119e+01
6.000000000000000000e+01
