-6.236626815795898438e+01
-6.269691085815429688e+01
-6.283230590820312500e+01
-6.286609268188476562e+01
-6.286638641357421875e+01
-6.290009307861328125e+01
-6.292239379882812500e+01
-6.291254425048828125e+01
-6.292043685913085938e+01
-6.293111419677734375e+01
-6.292471694946289062e+01
-6.293734359741210938e+01
-6.294861221313476562e+01
-6.296445465087890625e+01
-6.294851303100585938e+01
-6.295578765869140625e+01
-6.295465087890625000e+01
-6.296103286743164062e+01
-6.297121810913085938e+01
-6.296166992187500000e+01
-6.297025680541992188e+01
-6.296232986450195312e+01
-6.300319290161132812e+01
-6.297853088378906250e+01
-6.298468017578125000e+01
-6.298765182495117188e+01
-6.298751068115234375e+01
-6.299987030029296875e+01
-6.300196075439453125e+01
-6.299616241455078125e+01
-6.301583862304687500e+01
-6.304275131225585938e+01
-6.302751159667968750e+01
-6.306985473632812500e+01
-6.304906845092773438e+01
-6.304203796386718750e+01
-6.305641174316406250e+01
-6.305412673950195312e+01
-6.303859329223632812e+01
-6.306542968750000000e+01
-6.306620025634765625e+01
-6.305355072021484375e+01
-6.306458282470703125e+01
-6.306656265258789062e+01
-6.308303833007812500e+01
-6.306853103637695312e+01
-6.310482406616210938e+01
-6.306908798217773438e+01
-6.307078933715820312e+01
-6.305282592773437500e+01
-6.309246063232421875e+01
-6.308005142211914062e+01
-6.307916259765625000e+01
-6.307070159912109375e+01
-6.307706832885742188e+01
-6.307675552368164062e+01
-6.308470535278320312e+01
-6.308482360839843750e+01
-6.308539962768554688e+01
-6.308372497558593750e+01
-6.306659317016601562e+01
-6.309383010864257812e+01
-6.308538818359375000e+01
-6.310149383544921875e+01
-6.309053802490234375e+01
-6.310074996948242188e+01
-6.308771896362304688e+01
-6.308549499511718750e+01
-6.309556961059570312e+01
-6.310135650634765625e+01
